Webots Project File version R2021a
perspectives: 000000ff00000000fd00000003000000000000000000000000fc0100000001fb0000001a0044006f00630075006d0065006e0074006100740069006f006e0000000000ffffffff0000006900ffffff000000010000011c000003b5fc0200000001fb0000001400540065007800740045006400690074006f00720000000016000003b50000003f00ffffff00000003000003c000000130fc0100000001fb0000001a0043006f006e0073006f006c00650041006c006c0041006c006c0100000000000003c00000006900ffffff000003c0000002be00000001000000020000000100000008fc00000000
simulationViewPerspectives: 000000ff00000001000000020000012e000001720100000002010000000100
sceneTreePerspectives: 000000ff000000010000000200000281000000000100000002010000000200
maximizedDockId: -1
centralWidgetVisible: 1
orthographicViewHeight: 1
textFiles: -1
consoles: Console:All:All
renderingDevicePerspectives: UR5e:cameraDepth;0;0.153906;0;0
renderingDevicePerspectives: UR5e:cameraRGB;0;0.102604;0;0
